points: [([12925.1123046875, 14539.662109375, 15126.3896484375], [-0.013018554218686671, -0.004927108843340283, 0.001602225936949253]), ([12925.07421875, 14245.4501953125, 15126.435546875], [-0.01293723364044641, -0.005208917756481285, 0.001602225936949253]), ([12925.080078125, 14771.83984375, 15126.4501953125], [-0.013078303378352224, -0.0047019693498748585, 0.001602225936949253]), ([12925.078125, 14433.4580078125, 15126.4462890625], [-0.01298806093281279, -0.005029576452001695, 0.001602225936949253]), ([12925.072265625, 14433.4755859375, 15015.8095703125], [-0.012988256829384578, -0.0050287225512186794, 0.0017120055854320526]), ([12925.072265625, 14433.4638671875, 15171.9384765625], [-0.012986245693887214, -0.005028990798205193, 0.001553320325911045]), ([12659.9775390625, 14433.4443359375, 15171.900390625], [-0.012747351711614754, -0.004961737487274985, 0.0016544675454497337]), ([13074.16796875, 14433.4775390625, 15171.8984375], [-0.013116669692506418, -0.00506696368020593, 0.0014977902173995972])]
transform: [[-8.927688668336486e-07, -2.6851790835280553e-07, 1.081130474034353e-08, 0.0022642624098807573], [-2.540110699555953e-07, 9.633838544687023e-07, -2.8359221637686005e-09, -0.015607773326337337], [-3.78655329313915e-07, 0.0, -1.011879703582963e-06, 0.021801365539431572], [0.0, 0.0, 0.0, 1.0]]
